1 8.03378e+12 -0.220766 0.240229681763099 0.0219156793186978
2 1.06288e+14 -0.282847 0.565745525832949 0.963274623355147
3 1.36224e+13 -0.316465 0.395629877537074 0.160498909653617
4 -9.99e+08 -9.99e+08 0 0
5 1.73807e+14 -0.515286 0.718958274171735 0.663989457747636
6 -9.99e+08 -9.99e+08 0 0
7 -9.99e+08 -9.99e+08 0 0
8 1.40714e+14 -1.16764 1.63047539079865 0.892423105931262
9 6.58201e+13 -0.121542 0.530327257455243 0.649181022519913
10 1.65736e+14 -0.668426 0.862284175895627 0.685732455116425
11 2.56156e+13 -0.532037 0.684715999520969 0.545575842573698
12 -9.99e+08 -9.99e+08 0 0
13 3.48125e+13 -0.264624 0.403120329430308 0.321298926235367
14 1.09469e+14 -0.427 0.643807424623233 0.665688365528496
15 5.64215e+13 -0.349361 0.760461044367165 0.602613474791263
16 -9.99e+08 -9.99e+08 0 0
17 1.52364e+14 -0.483386 0.861047037042693 0.820673503897866
18 1.38374e+13 -0.970939 1.23996370914636 0.770886502670789
19 -9.99e+08 -9.99e+08 0 0
20 1.39347e+14 -0.529526 0.989610529450854 0.990175237016156
21 6.27855e+13 -0.232655 0.961153473697099 0.721297442113862
22 1.28785e+14 -0.451015 0.890564427764774 0.694654590426062
23 6.73829e+13 -0.00827984 0.376901843985938 0.640124206697419
24 -9.99e+08 -9.99e+08 0 0
25 3.48125e+13 -0.08727 0.314655843740427 0.367315940302078
26 8.72366e+13 -0.340244 0.583458653205178 0.760349919444988
27 5.83799e+13 -0.213599 0.512423652849866 0.487316119167015
28 -9.99e+08 -9.99e+08 0 0
29 1.15947e+14 -0.78087 1.21461928191512 1.08968344027061
30 1.3487e+13 -1.59742 1.75845670973158 1.02081340116595
31 -9.99e+08 -9.99e+08 0 0
32 1.18721e+14 -0.778131 1.16741594986534 0.879965340226534
33 2.86385e+13 -0.379449 0.614797527646298 0.481444700874358
34 1.13169e+14 -0.426857 1.00825096082275 1.20695484588281
35 9.08984e+12 -0.108225 0.30719098294058 0.289195435648628
36 -9.99e+08 -9.99e+08 0 0
37 -9.99e+08 -9.99e+08 0 0
38 1.39989e+14 0.159647 0.461693621355115 0.900490421936847
39 -9.99e+08 -9.99e+08 0 0
40 -9.99e+08 -9.99e+08 0 0
41 1.70421e+14 -0.0568798 0.571518153692426 0.696727349829185
42 -9.99e+08 -9.99e+08 0 0
43 -9.99e+08 -9.99e+08 0 0
44 1.36222e+14 -0.527058 1.0599198082874 0.96645693127009
45 7.30599e+13 -0.362841 0.895448490980916 0.546947895141758
46 1.74802e+14 -0.390807 0.823379013577587 0.680066908472983
47 -9.99e+08 -9.99e+08 0 0
48 -9.99e+08 -9.99e+08 0 0
